# BoxNumber,N_stars,R_g[pc],Width_1sigma[pc],Error_1sigma,Width_SD[pc],Error_SD,Spur,Arm
0,1272,1628.0011953883163,291.6918152816128,5.253310856927337,443.8581966900524,0.6906568656069371,1,1
1,1131,1684.4398031849307,308.10191944303557,5.396422605653236,443.41901978816804,3.9673213880335547,1,1
2,951,1739.249768335703,331.5456916406088,5.821504784214165,245.81079119172932,0.5449161520627774,0,1
3,925,1792.2993411775913,335.0080966832963,6.61906870304318,249.67381325447468,0.9222345157025212,0,1
4,1046,1843.4894147581874,325.99378060367536,6.281013244641358,249.7997154020959,1.8907359762654865,0,1
5,1116,1892.747204736981,313.82463113769245,5.909063447348681,249.49487806491584,2.674786969357627,0,1
6,1123,1940.0212956784424,309.6693967806868,5.674334658782155,397.122703839422,3.3205058113621413,0,1
7,1048,1985.2777407569295,305.4794567260266,6.068876319081178,396.9191115006686,3.156641127002671,0,1
8,899,2028.4969754152517,321.07538563746846,6.651218339493731,297.65536103426757,3.1894644434177866,0,1
9,781,2069.6713621845265,325.0846053184835,7.628612930625493,199.89366751818147,1.1283141314864942,0,1
10,716,2108.803227067372,326.2817811031934,8.196785785170993,198.6869006644099,0.7380609130654245,0,1
11,731,2145.9032806334494,315.14766349451554,7.337634926648924,248.58232703150793,1.1499325122698745,0,1
12,788,2180.989341757252,321.56295830823296,7.102439056933045,299.0428954489496,1.5317940608720348,0,1
13,823,2214.0853006900143,324.14054442756816,7.175095629876271,299.636761000374,1.367137173158866,0,1
14,885,2245.2202723920213,310.38737793698226,6.8815751981976305,349.43830886665546,2.4398726742401657,0,1
15,929,2274.4279018844377,292.06779211784965,6.98897109707483,348.5673071345461,0.28287452496945725,0,1
16,933,2301.7457916548606,296.865598454561,6.767126152290422,348.88731053749234,0.6095355093394413,0,1
17,1011,2327.2150274983132,301.9619944588996,5.948284474316852,397.36154256615805,1.6947142138287705,0,1
18,1229,2350.879784065384,305.6826864659351,5.022627296649201,499.29026687225337,1.709153011539286,1,1
19,1337,2372.786995173,305.1056658373023,4.717771396733484,449.1887912873211,1.7755014504507236,1,1
20,1411,2392.986076873501,299.2556106028524,4.683095836311942,497.9606298021222,4.247917982443382,1,1
21,1425,2411.5286935718555,290.08029339073016,4.88064310463187,548.3772905606664,1.5860114727760926,1,1
22,1398,2428.46855927759,260.27660601408724,5.3267078421623895,444.73295483546735,1.469996761899241,1,1
23,1435,2443.8612674900223,247.8078684922661,5.489325804147139,446.41328359363354,1.565852131988203,1,1
24,1525,2457.764144328298,246.11663027005764,5.510924784221214,395.4159673281145,1.4298931177767575,0,1
25,1639,2470.2361203970563,262.1660098117738,5.312572204791539,396.3561510106317,0.7735630350321605,0,1
26,1783,2481.3376175746234,281.73085799278687,4.814560506329317,499.5286853912948,1.8561702066571812,1,1
27,1990,2491.130447462469,286.8654128458431,4.195124301757171,499.7851416320086,1.2404853543672931,1,1
28,2195,2499.67771867271,278.86435348343275,3.623216351696742,548.676843659633,0.8948793277326832,1,1
29,2302,2507.0437504784645,274.9940926481445,3.509824212296595,548.6266770524712,1.4026031016849536,1,1
30,2191,2513.293990629162,281.2335643985044,3.926435018308893,648.7425979550105,1.9769144719738847,1,1
31,2150,2518.494935354455,287.9634772388455,3.9287672593050322,698.7122288840994,1.780690273755195,1,1
32,1915,2522.714049759028,300.8860090692349,4.089705542226784,749.5918467047294,3.5055550092781003,1,1
33,1607,2526.019686956497,306.7813189116,4.779392430780545,548.8047644580017,1.264005889786595,1,1
34,1315,2528.481004412704,305.377870626624,5.336703129660397,497.0740301306446,4.844700615789735,1,1
35,1288,2530.167876074785,281.6455859684816,5.697974253755358,498.94707702763105,2.972785965350051,1,1
36,1506,2531.150798958936,248.91679139269576,5.445227581287906,448.4272234802512,2.5816404846623686,1,1
37,2027,2531.5007929631715,217.26649391880025,4.976592295974427,448.9231894474052,0.9206723433814855,1,1
38,2431,2531.2892927670878,202.30263823667684,4.346142139720229,498.5651386767882,1.3443587676657296,1,1
39,2646,2530.5880307836255,196.12358302552468,3.9322917643015556,496.4042188377881,0.8337598480807312,1,1
40,2641,2529.4689102430316,191.0254094552088,3.8665080542132957,445.2386008367,0.5683053409930683,1,1
41,2365,2528.0038676206636,200.87944723748802,3.7085491817902825,444.3411989387288,0.13344165732129487,1,1
42,2010,2526.26472377171,211.12990810782534,3.6371921740768967,484.02614857679896,0.9721307256771589,1,1
43,1726,2524.323023310352,215.90073971822912,3.848449849688193,471.65095785055775,0.4847022890452053,1,1
44,1761,2522.249861970579,222.0439222150743,4.173716146440521,473.24317934733017,0.6703658142501279,1,1
45,1897,2520.115701912088,227.2467179609509,4.151982456390333,495.40631540364427,0.9961188841574181,1,1
46,2014,2517.9901751874313,234.84706766610782,4.048503360849621,546.7473869635279,0.9950370128441277,1,1
47,2036,2515.9418758646752,244.46866478188423,4.077632331793586,546.9976059411956,0.8860393581585794,1,1
48,1925,2514.0381416003884,254.03618488979586,4.0944833489382795,546.809690955663,1.0088782367888474,1,1
49,1777,2512.344825776365,267.37910249841946,4.026076450854809,597.7205952315181,1.1192993364794703,1,1
50,1607,2510.92606164382,278.16828243716685,4.215635294356792,594.2562362460155,1.5504365872583712,1,1
51,1450,2509.8440202529555,286.17371539844044,4.463853410336466,648.9506560431323,2.868186105332697,1,1
52,1387,2509.1586642741504,294.0347235723653,4.8565640243380575,646.1539314738948,3.8934817617650253,1,1
53,1455,2508.9275001285246,307.16306234565377,4.639311699952541,648.6776180787929,4.174968449394611,1,1
54,1637,2509.2053311283785,311.45444625673474,4.091226911827277,698.4404893934552,1.535339194433189,1,1
55,1843,2510.0440145692096,305.8092224251176,4.409089387881353,599.0665826152531,2.626038705110417,1,1
56,1943,2511.4922259024074,307.45594539509403,4.045856646627164,648.9719214311789,2.044670068458246,1,1
57,1821,2513.595233239343,309.16855961866173,4.260361327184708,799.4095076266918,3.5605835881095746,1,1
58,1576,2516.3946854834367,310.1717110928365,4.648229895250469,599.5562737850673,4.063181220804767,1,1
59,1410,2519.928417348768,319.90321995904685,4.797448137507633,599.8718368766449,4.978484405115764,1,1
60,1286,2524.2302743971186,325.6732067628104,5.460672012463922,549.9470002193672,3.815309592755358,1,1
61,1353,2529.3299610084628,313.42780349420707,5.439539931739362,399.11273645167734,2.1345084390709834,0,1
62,1404,2535.25291389549,308.4389012969104,5.446843431185502,398.83190648751656,1.5678218740308547,0,1
63,1343,2542.020203387213,293.61963400504044,5.917910882828996,399.3576033108433,0.6445853617193228,0,1
64,1400,2549.648464250786,281.4180491116744,5.932970648298223,399.05718183935437,0.7594023610739001,0,1
65,1366,2558.149857308263,274.35066458676243,5.821635904834284,399.208980196722,0.6725559270358008,0,1
66,1311,2567.532062553327,274.5441963489924,5.783780546530196,449.5430731868214,0.98150928302321,1,1
67,1305,2577.798303900971,262.37885735844696,6.347711578348935,399.08663314697094,0.7105612074127409,0,1
68,1240,2588.947405130769,249.78483795821415,6.444768612702915,399.76040652788674,0.35701407970756877,0,1
69,1100,2600.97387603174,241.74791826258667,6.775245077722073,399.2532162699956,1.5102339007558938,0,1
70,968,2613.868027242621,232.50944806145026,6.4442653264823635,396.6915378140543,2.836956167348397,0,1
71,790,2627.616111822243,235.15451334481557,6.7378280072299725,395.99420484159924,3.5741814466797464,0,1
72,676,2642.20049119425,238.0694697685864,7.4652216460113525,346.38738185640193,1.916768013034167,0,1
73,620,2657.599822798719,252.47463564843284,8.013223829125296,299.1486753996945,1.5323910493512296,0,1
74,590,2673.7892665564455,259.68383403965464,8.815300718835436,299.6280438169356,2.1170056998823243,0,1
75,574,2690.7407071119023,275.6218346052908,8.552103349657587,299.6876920384529,4.3673847241789305,0,1
76,528,2708.4229887667725,303.0601737189803,8.629185321793058,249.3190239658653,5.2556586519846435,0,1
77,541,2726.802160042342,307.97391824320056,8.191504128533273,249.51207043392668,5.157899336076061,0,1
78,542,2745.841724908549,326.6085444718472,8.70098770754532,198.50986433593198,5.54700765692236,0,1
79,537,2765.502897880018,332.1113722731832,8.664474300975687,196.57889162482587,3.3212736309954662,0,1
80,542,2785.7448603940875,324.18231400918324,8.656110654846207,196.20588521087126,2.24432727994547,0,1
81,522,2806.525016140683,318.6035818448656,8.526025701414321,147.81164872548055,1.8614609617058724,0,1
82,503,2827.799243297016,301.13072414834227,8.541350156371026,196.99971722272022,2.2676171883508,0,1
83,513,2849.5221419203353,307.66166402044223,8.394985778710764,199.23871392758298,2.27876473406522,0,1
84,610,2871.647275058714,284.8627079705671,8.387689856815562,249.43234061492967,2.29860688577285,0,1
85,665,2894.1274024442155,280.9681750622139,8.380350969682599,249.7803137516828,1.9545180398403426,0,1
86,682,2916.91470592704,284.56451222902166,8.144050447474154,198.7073773871777,1.0971480637245887,0,1
87,698,2939.961006087284,295.95120074722183,7.2668229444751296,198.98691977441717,0.9773260010845968,0,1
88,602,2963.2179697183433,321.7061451629034,7.552545615945069,148.36580489736156,0.32538442509764115,0,1
89,515,2986.6373081095403,347.4923180506865,7.424126820003005,149.06837881463525,0.8360269565581242,0,1
90,443,3010.1709662635485,346.4959431222269,7.977492620585424,149.41235377216373,0.17128690791810197,0,1
91,460,3033.771303366033,336.16555231280523,8.297788639994216,149.15962302399583,0.48927404432022714,0,1
92,499,3057.391264980785,311.26801171265197,8.619768673472521,149.53100986423942,0.4618145380940766,0,1
93,598,3080.9845475747807,292.9802714081574,7.707177115203849,245.1774732008056,2.266393813900754,0,1
94,710,3104.5057560853506,279.4732390807606,7.18819493633609,235.82861097578024,1.7178476893565018,0,1
95,755,3127.9105553282543,276.3802499774433,7.134546322433482,239.8624221309403,1.9933653896995958,0,1
96,756,3151.1558161129547,278.845910506095,7.285384048629837,244.3681521877303,2.406639338973665,0,1
97,724,3174.199756982074,280.817061615927,6.976054315141189,245.65071079384,2.4584798872328886,0,1
98,720,3197.002082528222,275.46456033637924,6.649340978119977,244.84798058654533,2.0574989807148616,0,1
99,721,3219.524119265202,272.1563474388347,7.286585971503265,297.73362030767936,2.0581407444295725,0,1
100,769,3241.728950044054,291.0555464793021,6.664619552731567,297.87643689494007,1.762298074606448,0,1
101,804,3263.581548009176,304.08893493857727,6.486749305198358,297.7566982545221,0.9452048389148858,0,1
102,800,3285.0489110874296,315.44238931448706,6.362923184311609,297.897156239879,1.3120124684900214,0,1
103,814,3306.100197994844,322.56705021319533,6.461368969427537,399.9058306295883,4.166660101343076,1,1
104,844,3326.7068667321514,323.2152799711223,6.384706129162201,399.8801231372189,4.765558698454426,1,1
105,833,3346.8428165225764,328.666445707213,6.270437966087786,199.35831830823332,4.166179838388414,0,1
0,1442,2563.390640576754,284.7970429883902,5.068346743638266,548.8970831954659,3.964652065252766,1,2
1,1606,2601.346756861579,304.8081928494924,4.312889039514709,643.6118348452727,2.289121413852827,1,2
2,1663,2635.984715606968,314.09167377070526,4.085912486246218,794.9910201667333,5.959019736704818,1,2
3,1807,2667.2575868217855,309.8200674599334,4.511276322919846,648.7562274166321,1.5355830749998678,1,2
4,1854,2695.1478232075456,303.15249900096353,4.4958136428807025,748.1767291806586,2.037033669423723,1,2
5,1667,2719.6630259674644,313.1640559530051,4.792276302749185,697.9551657916402,1.7628645823455813,1,2
6,1480,2740.832499057093,310.4673606893283,4.753881489487135,749.3023568779088,4.755550349988643,1,2
7,1542,2758.7044459889803,294.0642071253739,5.062415766814199,599.2757592222865,3.4328543342735425,1,2
8,1715,2773.343691080668,267.05606215188556,4.553544133192042,449.55615192789696,1.1051194071926165,0,2
9,1730,2784.829829684619,271.2013571751238,4.469617378611069,447.6959983240763,0.9016206196688608,0,2
10,1740,2793.2557301842135,271.255063585502,4.736742731387078,449.6812078743492,1.391218893679639,0,2
11,1619,2798.726325101235,272.96496843855556,5.092699652026499,448.3777119959509,1.1984946486822516,0,2
12,1404,2801.3576401838463,272.22069351160013,5.781872714445867,448.99392212457224,1.5705854693658559,0,2
13,1406,2801.276019380002,264.4349580482419,5.172692786840073,348.88182819111034,1.1849666181091745,0,2
14,1384,2798.6175106018445,264.5345455941412,5.148180284170547,344.92855677641455,3.0518931373270273,0,2
15,1332,2793.5273825153317,266.07133539007106,4.784827949634214,543.1528669247741,4.474692432046608,1,2
16,1206,2786.1597465338946,263.478237783649,5.075463759125051,448.17780739665386,2.0346997968724154,1,2
17,1125,2776.677260981265,278.08227450504245,5.43510163959394,398.7692253382779,1.423280675035322,1,2
18,1080,2765.2508961941667,285.02059322020324,6.247341977652364,599.0146148413787,5.423831325347576,1,2
19,1076,2752.059740302597,277.71556085110905,6.79375154492366,598.4274990045838,7.00564113775357,1,2
20,1029,2737.2908256725723,287.934905366796,7.166831236885213,448.93761035819534,4.606972657028885,1,2
21,992,2721.138955631015,293.1340508369164,7.365119442842813,448.762083243701,4.757500895402755,1,2
22,1008,2703.8065102231853,283.3441967576391,7.685641471373252,399.1611473601265,3.1546555244073353,0,2
23,918,2685.5032085009293,270.0561539244637,8.028360815838615,349.6625189278798,2.239340011808592,0,2
24,854,2666.445803352213,266.03271579306687,8.133756860611717,344.19795666117307,1.5670511231272979,0,2
25,727,2646.85768334407,296.9365046580862,8.49069967349733,299.06531189980115,1.249374955415613,0,2
26,684,2626.96835469708,311.39172590339956,7.552225220208544,249.3229130394575,2.1161176142041183,0,2
27,872,2607.012775632048,301.11151571623304,6.406917488655782,448.86553006496706,5.023298492792089,0,2
28,1012,2587.230515281876,277.49998747779387,5.82108148778831,448.14744086899054,0.8547166583281952,0,2
29,1103,2567.864710550354,264.9575221309028,5.604543936795489,498.9558295911397,2.0075577933635107,0,2
30,923,2549.1607971669514,257.54249237753584,6.473654250312922,446.8847990172908,2.03542569385561,0,2
31,856,2531.3649961725155,258.1096559918602,6.711512667816086,399.51873797139115,1.6915046434470191,0,2
32,918,2514.722544558073,254.24769701374055,6.44266119460091,398.34498174709415,3.187200589649392,0,2
33,1148,2499.475669016828,237.28103077306292,5.886306892363963,348.133669888382,1.1359100024493543,0,2
34,1044,2485.861314783345,234.43183919473455,6.408406316389027,346.6867005540794,0.3787108470487263,0,2
35,962,2474.108657030221,233.8666340048694,6.296973985268933,347.01475445249935,0.41898110410661943,0,2
36,818,2464.436439578704,269.7190002509103,6.784121274591844,248.50392196058965,2.63643205107694,0,2
37,882,2457.050203622185,280.5166313646259,5.919038279224808,393.89530691179107,5.40341987397113,0,2
38,730,2452.139486209419,313.6852531144119,6.209702959569452,192.20789516312243,1.3950596556082915,0,2
39,581,2449.875082529695,328.21969663182324,8.506877572332472,249.5383190759103,1.739912581025558,0,2
40,482,2450.40647562444,315.8816888848143,10.271633272747572,299.1952193584916,3.818764056435689,0,2
41,586,2453.85954023993,287.23171095344117,8.514315234192255,346.9493392154636,4.898455858338171,0,2
42,766,2460.334622859525,283.76458296719335,7.374621147706294,397.19078425025555,2.3898987530281373,0,2
43,833,2469.9050870373703,298.8706423935774,6.816696417415253,398.3553554231012,1.9831968054545055,0,2
44,901,2482.6163925223877,307.3409713553667,6.407670700804044,448.9582947764047,2.3614071377623818,0,2
45,968,2498.485749866051,304.49231700958984,6.382756966667215,399.0022077382332,0.15795570514520024,0,2
46,846,2517.5023616753083,321.5258480678592,6.987866165537073,398.82000345551114,2.993924332706113,0,2
47,855,2539.6282303644584,332.4858582074453,6.975021256721402,349.9303016336594,4.9792988877831394,0,2
48,892,2564.799483227626,343.34399898761876,6.275922982802544,399.91735595548016,1.1230545757879469,1,2
49,1087,2592.928141574832,356.1278724439682,5.226726085315061,399.76657675974184,5.07456001462474,1,2
50,1166,2623.9042434774406,329.2482999969919,4.993999685218135,549.0879674100188,7.694034055022573,1,2
51,1177,2657.598220310739,324.7382049706667,5.1376098285173235,548.491670983422,4.717574144124393,1,2
52,1141,2693.863425719543,316.22494856640617,5.947772501209235,497.7936723845646,1.4350303712721189,0,2
53,1054,2732.5387209642877,334.28197082809135,5.932200312829445,496.85941325671865,7.408751072037246,0,2
54,854,2773.4510313250626,327.0016608885111,6.3487423516807375,298.09374822822747,2.797773953152952,0,2
55,771,2816.417802548707,361.3971613043916,6.357578818655594,248.89646046601547,4.024646240085756,0,2
56,693,2861.2493024091887,360.2787063257963,6.993083204969444,198.81487489231495,2.305732602960466,0,2
57,698,2907.750728717572,333.51725397578457,7.758767648643709,298.0325724904951,2.369298840818604,0,2
58,732,2955.7241003183235,316.63438729996943,7.802182834917499,398.7601892408252,2.9653841459992196,0,2
59,762,3004.969920898684,306.9660902679335,7.94678650265002,349.39483953172703,1.867255221459036,0,2
60,722,3055.288616357946,275.9474836636822,7.846821304485222,299.58181062268886,1.4699256025812775,0,2
61,681,3106.4817548990595,284.82857685120433,7.527579285265774,396.75598862758625,4.0217063554630155,0,2
62,610,3158.3530650240996,300.62766857343496,7.693518759358993,244.68581915045797,2.8311599692683798,0,2
63,604,3210.70927050453,328.76414643350955,7.7034710778817805,297.6915030276282,2.5684842861334376,0,2
64,591,3263.3607635072754,332.8993239676119,7.838979279365021,199.59987108805535,2.3061576296741055,0,2
65,605,3316.1221377648003,335.76345054475667,8.344394422371776,199.31893453381736,1.9812388177250277,0,2
66,638,3368.812603342537,323.3381816680049,7.525391119389599,199.36354891949122,1.2316272393209344,0,2
67,675,3421.256303500918,337.3776833661431,7.414575207207212,198.07115217957016,3.0858941910392574,0,2
68,784,3473.282552640648,335.96794792018807,7.098876184479893,347.6796320158678,2.753143938884449,0,2
69,873,3524.726012571949,343.65581619067063,6.841550852130298,398.6599839666751,3.3994326776266566,0,2
70,959,3575.4268225232186,346.8155040545604,6.21790588289151,399.87880067081323,4.229702329168992,0,2
71,1085,3625.230696517645,349.38122727776283,5.589170644135563,448.99934198157916,5.055849043905873,0,2
72,1328,3673.989000076835,347.71487811501703,5.1146490850293915,898.1282122072221,7.7720611121978065,1,2
73,1637,3721.5588167072324,371.43756604134757,4.65073020588206,650.0,5.633783225859089,1,2
74,1903,3767.803013315083,374.44182030467175,4.439932382460957,650.0,1.0765816717098906,1,2
75,2012,3812.5903125898635,384.7252166680443,4.118718173455037,650.0,0.9410429139507477,1,2
76,1775,3855.795379494529,380.9762866222336,4.126718621700847,650.0,4.89023701173254,1,2
77,1334,3897.2989282968524,373.5035713871668,4.84656078903093,898.5563708651998,5.8373491309447,1,2
78,946,3936.987856058986,378.5177921984755,5.464942764369957,449.54160288833464,5.922037785789927,1,2
79,680,3974.7554081595167,361.4567547034014,6.775950079293637,198.21871980957394,5.631076190669708,0,2
80,562,4010.5013812412044,365.7422719903499,7.427165042609161,149.8724627968977,2.2840146446040017,0,2
81,558,4044.1323689457126,366.0202739387268,7.892815581728145,199.0346025433778,2.0037876690587337,0,2
82,620,4075.562055902733,352.81463744970773,7.959221701792547,248.352580087324,3.9274475967381104,0,2
83,751,4104.7115656748465,317.47999658853195,7.6167284038290815,446.12497914327014,3.254728456604006,0,2
84,921,4131.509868711347,291.43405436573676,6.540292486371868,448.7032626226687,4.7807884607027615,0,2
85,1045,4155.894256825261,314.3971858589493,5.4558870138918305,645.2696177318871,5.365789796224473,1,2
86,1016,4177.81089126802,330.188421923003,5.63460081404096,444.37769783457725,5.2908077067606785,0,2
87,1059,4197.215432124427,310.1162432595881,5.571602985925057,598.6313767975403,4.342853378893208,1,2
88,1104,4214.073757472484,293.6932567727683,5.3436655806808755,597.4450386401736,4.117480401622197,1,2
89,1227,4228.362781528726,275.0903143426076,5.3458515734332614,586.5609675547175,2.459287917778746,1,2
90,1168,4240.071381803153,284.51140592271497,5.3539960197021585,341.3523667192853,1.1832004826157982,0,2
91,1107,4249.2014460809005,280.51871130906784,5.4789536948964725,297.3550029806968,1.4626710192744548,0,2
92,846,4255.7690507772195,284.35085881515687,5.13049620013706,247.83119774633133,1.5434007212825913,0,2
93,542,4259.805782805109,278.2436637088072,5.72789860721824,137.76806065358596,1.8362792079878316,0,2
94,345,4261.360217450304,259.12353474274033,8.222176992687213,126.14222360897588,0.18486719555859277,0,2
95,330,4260.499564730324,219.9751600841462,8.474246561312707,125.52338812611401,0.5183131467009682,0,2
96,410,4257.311496142082,180.65751104183647,6.300748874378591,99.04462630297712,1.2054672070044736,0,2
97,563,4251.906162338519,157.68017761294666,5.0208984479946945,227.30356586116432,2.510350501696978,0,2
98,648,4244.418409813475,151.64284040807684,4.379915444046501,217.16351379937964,2.8194324831723994,0,2
99,575,4235.010200729175,149.1853088957347,4.694819306000388,182.27159668336094,2.8467610943134884,0,2